-0.047500 -0.441386 0.896059 -0.000001 -0.096242 0.894920 0.435723 -0.000000 -0.994224 -0.065542 -0.084989 0.000000
-0.150520 -0.473168 0.868018 0.001780 -0.123606 0.880139 0.458341 -0.017247 -0.980849 -0.038303 -0.190965 0.017682
-0.256192 -0.445973 0.857598 -0.023380 -0.143506 0.894923 0.422514 -0.029197 -0.955914 -0.014826 -0.293272 -0.030261
-0.390623 -0.415119 0.821639 0.306586 -0.069678 0.903324 0.423262 -0.071758 -0.917910 0.108086 -0.381783 -0.365847
-0.427876 -0.360451 0.828853 0.655208 -0.075279 0.928063 0.364735 -0.094323 -0.900697 0.093666 -0.424230 -0.585684
-0.392996 -0.387458 0.833925 1.100442 -0.116541 0.920567 0.372793 -0.089551 -0.912125 0.049319 -0.406934 -0.875747
-0.442979 -0.378237 0.812839 1.637195 -0.098992 0.921739 0.374964 -0.089466 -0.891050 0.085636 -0.445754 -1.073208
-0.451514 -0.378710 0.807907 2.425421 -0.106964 0.921901 0.372366 -0.080385 -0.885829 0.081712 -0.456760 -1.486465
-0.467708 -0.357342 0.808428 3.111890 -0.099887 0.930142 0.353353 -0.080995 -0.878221 0.084514 -0.470728 -1.826873
-0.424550 -0.376344 0.823482 3.768089 -0.118948 0.924819 0.361332 -0.067013 -0.897557 0.055452 -0.437397 -2.138741
-0.455613 -0.361246 0.813583 4.347165 -0.110232 0.929817 0.351125 -0.073211 -0.883326 0.070295 -0.463458 -2.439932
-0.474009 -0.374306 0.797001 4.921285 -0.101979 0.922394 0.372544 -0.117098 -0.874595 0.095311 -0.475394 -2.791785
-0.422414 -0.402493 0.812136 5.666946 -0.124899 0.913299 0.387666 -0.074564 -0.897757 0.062321 -0.436061 -3.197221
-0.410634 -0.351434 0.841353 6.435491 -0.108186 0.934999 0.337748 -0.159074 -0.905359 0.047668 -0.421962 -3.628725
-0.452111 -0.343744 0.823065 6.923136 -0.105462 0.936886 0.333350 -0.117106 -0.885705 0.063909 -0.459828 -3.874301
-0.461856 -0.339897 0.819244 7.607891 -0.111307 0.938567 0.326652 -0.120018 -0.879943 0.059678 -0.471316 -4.207820
-0.439955 -0.336500 0.832591 8.189110 -0.115121 0.940625 0.319331 -0.120226 -0.890610 0.044643 -0.452571 -4.503778
-0.443576 -0.330138 0.833217 8.945839 -0.100251 0.942126 0.319920 -0.118469 -0.890613 0.058378 -0.451000 -4.910714
-0.456482 -0.328624 0.826819 9.663232 -0.106679 0.942801 0.315825 -0.116020 -0.883314 0.055965 -0.465429 -5.314635
-0.439911 -0.332453 0.834238 10.389344 -0.091587 0.940718 0.326591 -0.118469 -0.893359 0.067265 -0.444281 -5.733932
-0.406060 -0.328307 0.852836 11.128704 -0.115937 0.944205 0.308279 -0.107194 -0.906463 0.026304 -0.421466 -6.118711
-0.390724 -0.324147 0.861547 11.805039 -0.128627 0.945991 0.297583 -0.122762 -0.911477 0.005454 -0.411316 -6.444149
-0.416894 -0.348692 0.839413 12.477424 -0.117422 0.936414 0.330669 -0.102535 -0.901339 0.039288 -0.431329 -6.716058
-0.422500 -0.347300 0.837184 13.195298 -0.127121 0.937250 0.324658 -0.104031 -0.897404 0.030744 -0.440137 -7.028385
-0.423287 -0.339349 0.840042 14.063638 -0.120787 0.940063 0.318891 -0.132978 -0.897908 0.033516 -0.438905 -7.526766
-0.390964 -0.334993 0.857279 14.674675 -0.096538 0.941201 0.323761 -0.158838 -0.915329 0.043819 -0.400315 -7.962490
-0.409408 -0.333771 0.849107 15.406412 -0.102683 0.941623 0.320628 -0.134800 -0.906555 0.044079 -0.419781 -8.394856
-0.436707 -0.343648 0.831380 16.120518 -0.091577 0.936344 0.338930 -0.139992 -0.894931 0.071878 -0.440379 -8.745560
-0.406059 -0.341279 0.847729 16.839458 -0.130177 0.939790 0.315987 -0.132279 -0.904528 0.017955 -0.426037 -9.144884
-0.416360 -0.334177 0.845559 17.515333 -0.110230 0.941697 0.317894 -0.136783 -0.902493 0.039152 -0.428921 -9.497523
-0.430268 -0.381904 0.817936 18.197428 -0.135891 0.923175 0.359557 -0.116027 -0.892415 0.043556 -0.449109 -9.804688
-0.463315 -0.306339 0.831562 18.926962 -0.116522 0.951264 0.285514 -0.137926 -0.878500 0.035387 -0.476430 -10.144601
-0.408938 -0.296719 0.862976 19.567602 -0.129709 0.954961 0.266881 -0.139337 -0.903297 -0.002798 -0.429007 -10.533893
-0.413871 -0.292009 0.862231 20.275768 -0.118288 0.956377 0.267115 -0.138472 -0.902618 0.008560 -0.430358 -10.927946
-0.443076 -0.270437 0.854721 21.042889 -0.109500 0.962601 0.247808 -0.130712 -0.889772 0.016206 -0.456118 -11.332382
-0.462385 -0.280235 0.841230 21.723343 -0.133595 0.959930 0.246347 -0.141976 -0.876557 0.001523 -0.481295 -11.663909
-0.376835 -0.339304 0.861898 22.386425 -0.115710 0.940448 0.319637 -0.104820 -0.919025 0.020720 -0.393655 -11.958174
-0.373038 -0.360781 0.854798 23.103184 -0.099249 0.931532 0.349855 -0.117296 -0.922492 0.045671 -0.383304 -12.240884
-0.493735 -0.322848 0.807463 23.796192 -0.092178 0.942730 0.320568 -0.118567 -0.864714 0.083845 -0.495218 -12.589551
-0.620804 -0.307801 0.721014 24.367123 -0.075236 0.938847 0.336014 -0.121056 -0.780347 0.154353 -0.605998 -12.863585
-0.754589 -0.259277 0.602802 24.767162 -0.083424 0.949080 0.303788 -0.133949 -0.650873 0.178947 -0.737796 -13.163026
-0.965163 -0.145902 0.217191 24.946291 -0.073713 0.948094 0.309330 -0.134140 -0.251050 0.282544 -0.925820 -13.353817
-0.991824 -0.064134 -0.110329 24.877851 -0.092705 0.956233 0.277533 -0.145087 0.087701 0.285492 -0.954360 -13.409386
-0.897901 0.035189 -0.438790 24.746889 -0.092164 0.959679 0.265560 -0.150970 0.430442 0.278887 -0.858453 -13.566486
-0.616969 0.207377 -0.759173 24.779680 -0.065333 0.947831 0.312006 -0.133641 0.784271 0.242097 -0.571234 -13.594528
-0.693800 0.233275 -0.681340 25.023352 -0.055694 0.925872 0.373710 -0.110590 0.718011 0.297227 -0.629378 -13.486657
-0.433727 0.370349 -0.821415 25.201897 -0.023436 0.906680 0.421167 -0.097550 0.900740 0.201922 -0.384573 -13.513763
-0.214394 0.402021 -0.890176 25.252857 -0.040281 0.906954 0.419300 -0.105197 0.975916 0.125753 -0.178252 -13.486018
-0.025443 0.407862 -0.912689 25.246550 -0.059715 0.910734 0.408653 -0.110914 0.997891 0.064898 0.001184 -13.454151
-0.142383 0.405328 -0.903015 25.256157 -0.057290 0.907406 0.416332 -0.100421 0.988153 0.111012 -0.105978 -13.493483
-0.007938 0.418031 -0.908398 25.218454 -0.062960 0.906416 0.417668 -0.106138 0.997985 0.060508 0.019124 -13.454994
0.112984 0.392887 -0.912619 25.196669 -0.067820 0.919408 0.387414 -0.118304 0.991280 0.018122 0.130524 -13.401518
0.282714 0.360423 -0.888914 25.084429 -0.077766 0.932282 0.353274 -0.133941 0.956047 -0.030749 0.291597 -13.280750
0.375405 0.325536 -0.867812 24.928808 -0.067129 0.943382 0.324845 -0.153716 0.924427 -0.063694 0.376003 -13.104501
0.461021 0.285983 -0.840044 24.584082 -0.074058 0.955743 0.284728 -0.157186 0.884294 -0.069054 0.461797 -12.997587
0.425414 0.293188 -0.856192 24.173571 -0.090361 0.955102 0.282160 -0.159267 0.900477 -0.042668 0.432806 -12.741307
0.461329 0.276137 -0.843163 23.670641 -0.080552 0.959444 0.270146 -0.167605 0.883565 -0.056708 0.464863 -12.482127
0.455146 0.288988 -0.842216 23.094961 -0.085390 0.955674 0.281772 -0.160214 0.886313 -0.056330 0.459648 -12.194732
0.427464 0.273933 -0.861531 22.401199 -0.088041 0.961071 0.261899 -0.158909 0.899735 -0.036103 0.434941 -11.806060
0.390954 0.265728 -0.881217 21.602568 -0.087197 0.963805 0.251947 -0.162949 0.916271 -0.021660 0.399973 -11.343560
0.410002 0.234444 -0.881439 20.788181 -0.095673 0.972124 0.214062 -0.188426 0.907053 -0.003436 0.421003 -10.953092
0.442460 0.242324 -0.863428 20.168005 -0.087884 0.969883 0.227165 -0.168814 0.892472 -0.024630 0.450431 -10.649275
0.401928 0.279991 -0.871814 19.420958 -0.088723 0.959531 0.267259 -0.163670 0.911363 -0.030069 0.410504 -10.298975
0.431037 0.272188 -0.860302 18.616488 -0.100366 0.961965 0.254067 -0.161507 0.896735 -0.023167 0.441961 -9.903028
0.424733 0.281472 -0.860451 17.834446 -0.092271 0.958949 0.268147 -0.163083 0.900604 -0.034496 0.433269 -9.479067
0.412655 0.306315 -0.857839 16.893541 -0.110545 0.951641 0.286633 -0.163567 0.904155 -0.023451 0.426561 -8.934516
0.405706 0.315561 -0.857802 16.185944 -0.108222 0.948493 0.297740 -0.165386 0.907574 -0.027962 0.418960 -8.604846
0.451572 0.320207 -0.832797 15.433726 -0.098570 0.945573 0.310121 -0.148463 0.886773 -0.057953 0.458557 -8.185649
0.434823 0.333925 -0.836315 14.669376 -0.101402 0.940956 0.322985 -0.155411 0.894789 -0.055637 0.443010 -7.750057
0.431266 0.338184 -0.836446 13.859873 -0.099423 0.939260 0.328491 -0.144571 0.896730 -0.058505 0.438694 -7.253953
0.398772 0.338601 -0.852250 13.130261 -0.094348 0.939555 0.329142 -0.140142 0.912184 -0.050844 0.406614 -6.769861
0.376916 0.330052 -0.865448 12.375664 -0.107059 0.943621 0.313238 -0.151359 0.920040 -0.025410 0.391000 -6.342977
0.331013 0.373543 -0.866542 11.543690 -0.117985 0.927488 0.354746 -0.171173 0.936221 -0.015187 0.351083 -5.947316
0.361172 0.360529 -0.859985 10.627505 -0.120436 0.932547 0.340369 -0.145224 0.924689 -0.019359 0.380230 -5.472376
0.400259 0.385165 -0.831529 9.962124 -0.130030 0.922074 0.364515 -0.144967 0.907130 -0.037777 0.419151 -5.114862
0.297739 0.389444 -0.871599 9.178077 -0.144325 0.920875 0.362160 -0.138122 0.943675 0.017965 0.330387 -4.705526
0.321205 0.372965 -0.870474 8.349498 -0.107943 0.927610 0.357614 -0.152318 0.940838 -0.020906 0.338212 -4.309351
0.355725 0.377215 -0.855084 7.521728 -0.117902 0.925732 0.359332 -0.120784 0.927124 -0.027008 0.373781 -3.942532
0.457881 0.384625 -0.801504 6.781594 -0.129168 0.920781 0.368073 -0.138879 0.879580 -0.065005 0.471289 -3.631896
0.452595 0.334946 -0.826419 5.939396 -0.104020 0.940278 0.324125 -0.156332 0.885628 -0.060733 0.460406 -3.125495
0.456299 0.327304 -0.827444 5.145273 -0.103982 0.943136 0.315726 -0.164371 0.883730 -0.058026 0.464386 -2.670862
0.414156 0.334463 -0.846528 4.380910 -0.117846 0.941915 0.314496 -0.171855 0.902545 -0.030490 0.429515 -2.237197
0.402013 0.360835 -0.841537 3.613389 -0.108142 0.931354 0.347686 -0.166546 0.909225 -0.048768 0.413438 -1.886620
0.438789 0.371889 -0.818024 2.832671 -0.133479 0.927217 0.349932 -0.147903 0.888621 -0.044358 0.456492 -1.531733
0.446239 0.360362 -0.819152 2.195373 -0.130306 0.931751 0.338912 -0.156762 0.885376 -0.044496 0.462741 -1.191681
0.400738 0.363544 -0.840978 1.601150 -0.140752 0.931438 0.335578 -0.157344 0.905316 -0.016110 0.424432 -0.730505
0.473105 0.370905 -0.799125 0.917834 -0.078698 0.921226 0.380985 -0.153482 0.877484 -0.117357 0.465026 -0.355875
0.459578 0.406101 -0.789855 0.382961 -0.113906 0.908945 0.401054 -0.124953 0.880803 -0.094346 0.463988 -0.140921
0.356218 0.439336 -0.824677 0.166345 -0.150058 0.898013 0.413587 -0.134853 0.922275 -0.023578 0.385815 0.111258
0.207687 0.410392 -0.887944 0.187703 -0.084317 0.911869 0.401728 -0.162176 0.974554 -0.008565 0.223987 0.168910
0.328601 0.426270 -0.842802 0.183733 -0.119574 0.903951 0.410577 -0.157123 0.936869 -0.034139 0.348010 0.198373
0.518937 0.385224 -0.763090 0.309849 -0.101972 0.914222 0.392172 -0.169127 0.848708 -0.125699 0.513706 0.116268
0.722545 0.332097 -0.606333 0.486674 -0.073571 0.909018 0.410211 -0.157698 0.687398 -0.251787 0.681240 0.035983
0.770948 0.328768 -0.545483 0.692011 -0.078000 0.898758 0.431451 -0.159573 0.632104 -0.290078 0.718539 -0.025918
0.917509 0.236285 -0.319917 0.741130 -0.081517 0.899034 0.430223 -0.154363 0.389272 -0.368655 0.844133 0.014169
0.976699 0.150412 -0.153084 0.762654 -0.076234 0.909939 0.407676 -0.158459 0.200617 -0.386507 0.900203 0.078208
0.963459 0.199913 -0.178274 0.804771 -0.118181 0.914538 0.386852 -0.176731 0.240375 -0.351647 0.904745 0.213392
0.985171 0.144492 -0.092523 0.831831 -0.097343 0.914766 0.392081 -0.170856 0.141290 -0.377260 0.915266 0.411561
0.979902 0.164220 -0.113245 0.798796 -0.111376 0.921373 0.372380 -0.176106 0.165493 -0.352283 0.921145 0.582107
0.970097 0.165216 -0.177808 0.801530 -0.094418 0.931743 0.350627 -0.192804 0.223600 -0.323354 0.919481 0.785362
0.974755 0.107340 -0.195781 0.728071 -0.032204 0.935279 0.352444 -0.237882 0.220941 -0.337241 0.915125 0.938419
0.984958 0.159584 -0.066255 0.799849 -0.127054 0.928758 0.348232 -0.234769 0.117107 -0.334576 0.935064 1.213590
0.968563 0.015704 0.248273 0.875626 -0.101579 0.935982 0.337074 -0.215464 -0.227085 -0.351697 0.908153 1.575166
0.860425 -0.052689 0.506846 1.025113 -0.126126 0.941672 0.312003 -0.214703 -0.493722 -0.332382 0.803593 1.765290
0.838143 -0.108161 0.534619 0.955651 -0.086642 0.941297 0.326270 -0.209451 -0.538526 -0.319782 0.779570 1.652540
0.889035 -0.096343 0.447588 0.951828 -0.053521 0.949037 0.310588 -0.217123 -0.454700 -0.300079 0.838570 1.693496
0.885331 -0.073588 0.459101 1.039221 -0.079936 0.948606 0.306198 -0.221345 -0.458039 -0.307785 0.833948 1.884470
0.867921 -0.113706 0.483512 1.296633 -0.084906 0.925154 0.369975 -0.213014 -0.489392 -0.362162 0.793306 2.196074
0.697954 -0.177109 0.693897 1.529271 -0.073993 0.945916 0.315860 -0.238755 -0.712310 -0.271799 0.647101 2.509809
0.684395 -0.134595 0.716580 1.649056 -0.114492 0.950781 0.287935 -0.255068 -0.720066 -0.279104 0.635300 2.750510
0.461842 -0.182485 0.867987 1.723079 -0.116834 0.957563 0.263483 -0.277140 -0.879233 -0.223098 0.420923 3.050781
-0.140944 -0.284676 0.948206 1.783666 -0.101178 0.956894 0.272245 -0.313563 -0.984834 -0.057566 -0.163672 3.272499
-0.708058 -0.280943 0.647862 1.758614 -0.104927 0.949124 0.296908 -0.271409 -0.698315 0.142250 -0.701513 3.202485
-0.843784 -0.245090 0.477451 1.858500 -0.092128 0.942575 0.321038 -0.260150 -0.528716 0.226901 -0.817909 3.205387
-0.976008 -0.158011 0.149807 1.872667 -0.099522 0.935679 0.338528 -0.257725 -0.193662 0.315496 -0.928955 3.538383
-0.971270 -0.062126 -0.229730 1.918291 -0.136126 0.936843 0.322172 -0.245289 0.195206 0.344188 -0.918384 3.621404
-0.921202 0.048296 -0.386076 1.882915 -0.110514 0.918921 0.378644 -0.223509 0.373060 0.391474 -0.841174 3.988512
-0.941606 0.019583 -0.336146 1.875849 -0.102673 0.934066 0.342022 -0.209630 0.320680 0.356563 -0.877512 3.711725
-0.954830 -0.036373 -0.294920 1.718195 -0.145762 0.922205 0.358179 -0.197435 0.258948 0.384988 -0.885850 3.441173
-0.982940 -0.076863 -0.167098 1.648925 -0.135847 0.915855 0.377829 -0.193050 0.123996 0.394083 -0.910672 3.198032
-0.992493 -0.120631 -0.020145 1.645239 -0.118871 0.912737 0.390873 -0.193424 -0.028764 0.390333 -0.920224 3.182655
-0.960878 -0.026795 -0.275675 1.396473 -0.136988 0.911025 0.388931 -0.180599 0.240725 0.411479 -0.879054 2.642688
-0.975068 -0.010135 -0.221676 1.386322 -0.122302 0.858088 0.498725 -0.146182 0.185163 0.513402 -0.837934 2.573519
-0.981763 -0.060945 -0.180073 1.422122 -0.139113 0.875899 0.462006 -0.161972 0.129569 0.478631 -0.868403 2.806920
-0.938308 0.007112 -0.345728 1.708010 -0.124455 0.925848 0.356815 -0.194684 0.322629 0.377830 -0.867845 3.160891
-0.852208 0.081611 -0.516800 1.921517 -0.095317 0.947013 0.306726 -0.216508 0.514449 0.310654 -0.799273 3.540119
-0.812950 0.072882 -0.577755 1.988383 -0.139915 0.938629 0.315276 -0.234179 0.565275 0.337140 -0.752861 3.686439
-0.876164 0.032916 -0.480888 1.986976 -0.162623 0.918984 0.359197 -0.188020 0.453751 0.392919 -0.799828 3.650851
-0.845443 0.153650 -0.511486 1.968657 -0.087820 0.904688 0.416926 -0.179277 0.526796 0.397406 -0.751368 3.649540
-0.827235 0.117864 -0.549355 2.072972 -0.148965 0.896750 0.416713 -0.178384 0.541750 0.426553 -0.724265 3.612793
-0.855583 0.058581 -0.514340 2.211424 -0.157044 0.917380 0.365721 -0.212017 0.493270 0.393678 -0.775695 3.766029
-0.721812 0.147469 -0.676196 2.292270 -0.154485 0.918052 0.365122 -0.258270 0.674627 0.368012 -0.639879 3.890976
-0.853924 0.050106 -0.517981 2.051415 -0.143471 0.934112 0.326879 -0.313389 0.500231 0.353445 -0.790472 3.548454
-0.976837 -0.102861 -0.187640 1.950776 -0.162968 0.925888 0.340841 -0.334477 0.138675 0.363526 -0.921205 3.122111
-0.962088 -0.260789 0.079845 2.169209 -0.211809 0.898857 0.383657 -0.353885 -0.171823 0.352200 -0.920017 3.033066
-0.934013 -0.303917 0.187762 2.232447 -0.213574 0.896367 0.388473 -0.350829 -0.286368 0.322738 -0.902128 3.022341
-0.888175 -0.314034 0.335451 2.276222 -0.170654 0.903244 0.393735 -0.314301 -0.426641 0.292460 -0.855830 3.035732
-0.905461 -0.266318 0.330478 2.276856 -0.143746 0.925044 0.351612 -0.312989 -0.399348 0.270866 -0.875873 3.017905
-0.936622 -0.181398 0.299725 2.259107 -0.114908 0.967253 0.226315 -0.292311 -0.330963 0.177531 -0.926794 3.010519
-0.901766 -0.301849 0.309364 2.266168 -0.216234 0.934794 0.281787 -0.249540 -0.374249 0.187210 -0.908235 2.995873
-0.930401 -0.307099 0.200109 2.248943 -0.218522 0.903034 0.369836 -0.218751 -0.294281 0.300368 -0.907292 2.995518
-0.953056 -0.282819 0.108158 2.240993 -0.238662 0.921467 0.306495 -0.214215 -0.186347 0.266294 -0.945708 2.991318
